﻿,,  A - 2  DECADAL VARIATION  IN  POPULATION  SINCE  1901,,,,,,,,,,,,,,,,
State,District,State/District,Census Year,Persons,Variation since the preceding census ,,Males,Females,,,,,,,,,,
Code,Code,,,,,,,,,,,,,,,,,
,,,,,Absolute,Percentage,,,,,,,,,,,,
1,2,3,4,5,6,7,8,9,,,,,,,,,,
02,000,HIMACHAL PRADESH,1901,"1,920,294 ", ---, ---,"1,019,069 ","901,225 ",,,,,,,,,,
,,,1911,"1,896,944 ","-23,350 ",-1.22 ,"1,004,183 ","892,761 ",,,,,,,,,,
,,,1921,"1,928,206 ","+31,262    ",+1.65          ,"1,020,201 ","908,005 ",,,,,,,,,,
,,,1931,"2,029,113 ","+100,907    ",+5.23          ,"1,069,540 ","959,573 ",,,,,,,,,,
,,,1941,"2,263,245 ","+234,132    ",+11.54          ,"1,197,620 ","1,065,625 ",,,,,,,,,,
,,,1951,"2,385,981 ","+122,736    ",+5.42          ,"1,247,826 ","1,138,155 ",,,,,,,,,,
,,,1961,"2,812,463 ","+426,482    ",+17.87          ,"1,451,334 ","1,361,129 ",,,,,,,,,,
,,,1971,"3,460,434 ","+647,971    ",+23.04          ,"1,766,957 ","1,693,477 ",,,,,,,,,,
,,,1981,"4,280,818 ","+820,384    ",+23.71          ,"2,169,931 ","2,110,887 ",,,,,,,,,,
,,,1991,"5,170,877 ","+890,059    ",+20.79          ,"2,617,467 ","2,553,410 ",,,,,,,,,,
,,,2001,"6,077,900 ","+907,023    ",+17.54          ,"3,087,940 ","2,989,960 ",,,,,,,,,,
,,,2011,"6,864,602 ","+786,702    ",+12.94          ,"3,481,873 ","3,382,729 ",,,,,,,,,,
,,,,,,,,,,,,,,,,,,
02,023,Chamba,1901,"130,244      ", ---, ---,"68,432      ","61,812       ",,,,,,,,,,
,,,1911,"138,943      ","+8,699    ",+6.68          ,"73,238      ","65,705       ",,,,,,,,,,
,,,1921,"145,526      ","+6,583    ",+4.74          ,"76,891      ","68,635       ",,,,,,,,,,
,,,1931,"150,591      ","+5,065    ",+3.48          ,"78,838      ","71,753       ",,,,,,,,,,
,,,1941,"174,394      ","+23,803    ",+15.81          ,"93,043      ","81,351       ",,,,,,,,,,
,,,1951,"174,537      ",+143    ,+0.08          ,"92,143      ","82,394       ",,,,,,,,,,
,,,1961,"215,929      ","+41,392    ",+23.72          ,"115,090      ","100,839       ",,,,,,,,,,
,,,1971,"251,203      ","+35,274    ",+16.34          ,"129,130      ","122,073       ",,,,,,,,,,
,,,1981,"311,147      ","+59,944    ",+23.86          ,"160,752      ","150,395       ",,,,,,,,,,
,,,1991,"393,286      ","+82,139    ",+26.40          ,"201,759      ","191,527       ",,,,,,,,,,
,,,2001,"460,887      ","+67,601    ",+17.19          ,"235,218      ","225,669       ",,,,,,,,,,
,,,2011,"519,080      ","+58,193    ",+12.63          ,"261,320      ","257,760       ",,,,,,,,,,
,,,,,,,,,,,,,,,,,,
02,024,Kangra,1901,"478,364      ", ---, ---,*,*,,,,,,,,,,
,,,1911,"469,046      ","-9,318     ",-1.95          ,"246,835      ","222,211       ",,,,,,,,,,
,,,1921,"469,251      ",+205    ,+0.04          ,"243,142      ","226,109       ",,,,,,,,,,
,,,1931,"494,658      ","+25,407    ",+5.41          ,"257,983      ","236,675       ",,,,,,,,,,
,,,1941,"563,163      ","+68,505    ",+13.85          ,"293,852      ","269,311       ",,,,,,,,,,
,,,1951,"570,643      ","+7,480    ",+1.33          ,"294,785      ","275,858       ",,,,,,,,,,
,,,1961,"657,232      ","+86,589    ",+15.17          ,"334,589      ","322,643       ",,,,,,,,,,
,,,1971,"800,863      ","+143,631    ",+21.85          ,"398,765      ","402,098       ",,,,,,,,,,
,,,1981,"990,758      ","+189,895    ",+23.71          ,"491,380      ","499,378       ",,,,,,,,,,
,,,1991,"1,174,072      ","+183,314    ",+18.50          ,"580,021      ","594,051       ",,,,,,,,,,
,,,2001,"1,339,030      ","+164,958    ",+14.05          ,"661,254      ","677,776       ",,,,,,,,,,
,,,2011,"1,510,075      ","+171,045    ",+12.77          ,"750,591      ","759,484       ",,,,,,,,,,
,,,,,,,,,,,,,,,,,,
02,025, Lahul & Spiti,1901,"12,392      ", ---, ---,"6,221      ","6,171       ",,,,,,,,,,
,,,1911,"12,981      ",+589    ,+4.75          ,"6,522      ","6,459       ",,,,,,,,,,
,,,1921,"12,836      ",-145     ,-1.12          ,"6,440      ","6,396       ",,,,,,,,,,
,,,1931,"13,733      ",+897    ,+6.99          ,"6,903      ","6,830       ",,,,,,,,,,
,,,1941,"14,594      ",+861    ,+6.27          ,"7,601      ","6,993       ",,,,,,,,,,
,,,1951,"15,338      ",+744    ,+5.10          ,"7,936      ","7,402       ",,,,,,,,,,
,,,1961,"23,682      ","+8,344    ",+54.40          ,"13,259      ","10,423       ",,,,,,,,,,
,,,1971,"27,568      ","+3,886    ",+16.41          ,"15,168      ","12,400       ",,,,,,,,,,
,,,1981,"32,100      ","+4,532    ",+16.44          ,"18,171      ","13,929       ",,,,,,,,,,
,,,1991,"31,294      ",-806     ,-2.51          ,"17,224      ","14,070       ",,,,,,,,,,
,,,2001,"33,224      ","+1,930    ",+6.17          ,"18,441      ","14,783       ",,,,,,,,,,
,,,2011,"31,564      ","-1,660     ",-5.0          ,"16,588      ","14,976       ",,,,,,,,,,
,,,,,,,,,,,,,,,,,,
02,026,Kullu,1901,"119,585      ", ---, ---,*,*,,,,,,,,,,
,,,1911,"124,803      ","+5,218    ",+4.36          ,"62,122      ","62,681       ",,,,,,,,,,
,,,1921,"122,027      ","-2,776     ",-2.22          ,"60,558      ","61,469       ",,,,,,,,,,
,,,1931,"131,425      ","+9,398    ",+7.70          ,"65,528      ","65,897       ",,,,,,,,,,
,,,1941,"137,202      ","+5,777    ",+4.40          ,"71,093      ","66,109       ",,,,,,,,,,
,,,1951,"145,688      ","+8,486    ",+6.19          ,"75,073      ","70,615       ",,,,,,,,,,
,,,1961,"152,925      ","+7,237    ",+4.97          ,"78,612      ","74,313       ",,,,,,,,,,
,,,1971,"192,371      ","+39,446    ",+25.79          ,"100,201      ","92,170       ",,,,,,,,,,
,,,1981,"238,734      ","+46,363    ",+24.10          ,"124,449      ","114,285       ",,,,,,,,,,
,,,1991,"302,432      ","+63,698    ",+26.68          ,"157,529      ","144,903       ",,,,,,,,,,
,,,2001,"381,571      ","+79,139    ",+26.17          ,"198,016      ","183,555       ",,,,,,,,,,
,,,2011,"437,903      ","+56,332    ",+14.76          ,"225,452      ","212,451       ",,,,,,,,,,
,,,,,,,,,,,,,,,,,,
02,027,Mandi,1901,"228,721      ", ---, ---,"119,860      ","108,861       ",,,,,,,,,,
,,,1911,"236,038      ","+7,317    ",+3.20          ,"122,692      ","113,346       ",,,,,,,,,,
,,,1921,"239,376      ","+3,338    ",+1.41          ,"123,833      ","115,543       ",,,,,,,,,,
,,,1931,"265,873      ","+26,497    ",+11.07          ,"138,727      ","127,146       ",,,,,,,,,,
,,,1941,"303,685      ","+37,812    ",+14.22          ,"159,227      ","144,458       ",,,,,,,,,,
,,,1951,"310,626      ","+6,941    ",+2.29          ,"157,622      ","153,004       ",,,,,,,,,,
,,,1961,"384,259      ","+73,633    ",+23.70          ,"192,687      ","191,572       ",,,,,,,,,,
,,,1971,"515,180      ","+130,921    ",+34.07          ,"262,348      ","252,832       ",,,,,,,,,,
,,,1981,"644,827      ","+129,647    ",+25.17          ,"322,497      ","322,330       ",,,,,,,,,,
,,,1991,"776,372      ","+131,545    ",+20.40          ,"385,746      ","390,626       ",,,,,,,,,,
,,,2001,"901,344      ","+124,972    ",+16.10          ,"447,872      ","453,472       ",,,,,,,,,,
,,,2011,"999,777      ","+98,433    ",+10.92          ,"498,065      ","501,712       ",,,,,,,,,,
,,,,,,,,,,,,,,,,,,
02,028,Hamirpur,1901,"160,374      ", ---, ---,*,*,,,,,,,,,,
,,,1911,"157,251      ","-3,123     ",-1.95          ,"82,753      ","74,498       ",,,,,,,,,,
,,,1921,"157,319      ",+68    ,+0.04          ,"81,515      ","75,804       ",,,,,,,,,,
,,,1931,"165,837      ","+8,518    ",+5.41          ,"86,490      ","79,347       ",,,,,,,,,,
,,,1941,"188,804      ","+22,967    ",+13.85          ,"98,516      ","90,288       ",,,,,,,,,,
,,,1951,"191,311      ","+2,507    ",+1.33          ,"98,828      ","92,483       ",,,,,,,,,,
,,,1961,"220,341      ","+29,030    ",+15.17          ,"105,330      ","115,011       ",,,,,,,,,,
,,,1971,"264,991      ","+44,650    ",+20.26          ,"125,085      ","139,906       ",,,,,,,,,,
,,,1981,"317,751      ","+52,760    ",+19.91          ,"147,841      ","169,910       ",,,,,,,,,,
,,,1991,"369,128      ","+51,377    ",+16.17          ,"175,329      ","193,799       ",,,,,,,,,,
,,,2001,"412,700      ","+43,572    ",+11.80          ,"196,593      ","216,107       ",,,,,,,,,,
,,,2011,"454,768      ","+42,068    ",+10.19          ,"217,070      ","237,698       ",,,,,,,,,,
,,,,,,,,,,,,,,,,,,
02,029,Una,1901,"165,000      ", ---, ---,*,*,,,,,,,,,,
,,,1911,"161,786      ","-3,214     ",-1.95          ,"85,140      ","76,646       ",,,,,,,,,,
,,,1921,"161,856      ",+70    ,+0.04          ,"83,865      ","77,991       ",,,,,,,,,,
,,,1931,"170,620      ","+8,764    ",+5.41          ,"88,985      ","81,635       ",,,,,,,,,,
,,,1941,"194,249      ","+23,629    ",+13.85          ,"101,357      ","92,892       ",,,,,,,,,,
,,,1951,"196,829      ","+2,580    ",+1.33          ,"101,678      ","95,151       ",,,,,,,,,,
,,,1961,"226,696      ","+29,867    ",+15.17          ,"114,595      ","112,101       ",,,,,,,,,,
,,,1971,"261,357      ","+34,661    ",+15.29          ,"130,498      ","130,859       ",,,,,,,,,,
,,,1981,"317,422      ","+56,065    ",+21.45          ,"156,491      ","160,931       ",,,,,,,,,,
,,,1991,"378,269      ","+60,847    ",+19.17          ,"187,582      ","190,687       ",,,,,,,,,,
,,,2001,"448,273      ","+70,004    ",+18.51          ,"224,524      ","223,749       ",,,,,,,,,,
,,,2011,"521,173      ","+72,900    ",+16.26          ,"263,692      ","257,481       ",,,,,,,,,,
,,,,,,,,,,,,,,,,,,
02,030,Bilaspur,1901,"90,873      ", ---, ---,"49,384      ","41,489       ",,,,,,,,,,
,,,1911,"93,107      ","+2,234    ",+2.46          ,"50,009      ","43,098       ",,,,,,,,,,
,,,1921,"98,000      ","+4,893    ",+5.26          ,"52,306      ","45,694       ",,,,,,,,,,
,,,1931,"100,994      ","+2,994    ",+3.06          ,"53,154      ","47,840       ",,,,,,,,,,
,,,1941,"110,336      ","+9,342    ",+9.25          ,"56,935      ","53,401       ",,,,,,,,,,
,,,1951,"126,099      ","+15,763    ",+14.29          ,"64,738      ","61,361       ",,,,,,,,,,
,,,1961,"158,806      ","+32,707    ",+25.94          ,"81,363      ","77,443       ",,,,,,,,,,
,,,1971,"194,786      ","+35,980    ",+22.66          ,"97,758      ","97,028       ",,,,,,,,,,
,,,1981,"247,368      ","+52,582    ",+26.99          ,"123,572      ","123,796       ",,,,,,,,,,
,,,1991,"295,387      ","+48,019    ",+19.41          ,"147,555      ","147,832       ",,,,,,,,,,
,,,2001,"340,885      ","+45,498    ",+15.40          ,"171,263      ","169,622       ",,,,,,,,,,
,,,2011,"381,956      ","+41,071    ",+12.05          ,"192,764      ","189,192       ",,,,,,,,,,
,,,,,,,,,,,,,,,,,,
02,031,Solan,1901,"141,698      ", ---, ---,"82,147      ","59,551       ",,,,,,,,,,
,,,1911,"112,318      ","-29,380     ",-20.73          ,"65,177      ","47,141       ",,,,,,,,,,
,,,1921,"125,258      ","+12,940    ",+11.52          ,"76,142      ","49,116       ",,,,,,,,,,
,,,1931,"118,110      ","-7,148     ",-5.71          ,"68,502      ","49,608       ",,,,,,,,,,
,,,1941,"127,921      ","+9,811    ",+8.31          ,"73,678      ","54,243       ",,,,,,,,,,
,,,1951,"168,271      ","+40,350    ",+31.54          ,"93,505      ","74,766       ",,,,,,,,,,
,,,1961,"192,664      ","+24,393    ",+14.50          ,"102,531      ","90,133       ",,,,,,,,,,
,,,1971,"237,514      ","+44,850    ",+23.28          ,"123,538      ","113,976       ",,,,,,,,,,
,,,1981,"303,335      ","+65,821    ",+27.71          ,"157,245      ","146,090       ",,,,,,,,,,
,,,1991,"382,268      ","+78,933    ",+26.02          ,"200,238      ","182,030       ",,,,,,,,,,
,,,2001,"500,557      ","+118,289    ",+30.94          ,"270,291      ","230,266       ",,,,,,,,,,
,,,2011,"580,320      ","+79,763    ",+15.93          ,"308,754      ","271,566       ",,,,,,,,,,
,,,,,,,,,,,,,,,,,,
02,032,Sirmaur,1901,"135,667      ", ---, ---,"75,449      ","60,218       ",,,,,,,,,,
,,,1911,"138,500      ","+2,833    ",+2.09          ,"76,032      ","62,468       ",,,,,,,,,,
,,,1921,"140,428      ","+1,928    ",+1.39          ,"76,991      ","63,437       ",,,,,,,,,,
,,,1931,"148,547      ","+8,119    ",+5.78          ,"82,371      ","66,176       ",,,,,,,,,,
,,,1941,"156,003      ","+7,456    ",+5.02          ,"85,823      ","70,180       ",,,,,,,,,,
,,,1951,"166,053      ","+10,050    ",+6.44          ,"92,256      ","73,797       ",,,,,,,,,,
,,,1961,"197,488      ","+31,435    ",+18.93          ,"108,057      ","89,431       ",,,,,,,,,,
,,,1971,"244,922      ","+47,434    ",+24.02          ,"133,428      ","111,494       ",,,,,,,,,,
,,,1981,"306,897      ","+61,975    ",+25.30          ,"163,809      ","143,088       ",,,,,,,,,,
,,,1991,"379,695      ","+72,798    ",+23.72          ,"200,193      ","179,502       ",,,,,,,,,,
,,,2001,"458,593      ","+78,898    ",+20.78          ,"241,299      ","217,294       ",,,,,,,,,,
,,,2011,"529,855      ","+71,262    ",+15.54          ,"276,289      ","253,566       ",,,,,,,,,,
,,,,,,,,,,,,,,,,,,
02,033,Shimla,1901,"230,144      ", ---, ---,"124,215      ","105,929       ",,,,,,,,,,
,,,1911,"223,701      ","-6,443     ",-2.80          ,"118,953      ","104,748       ",,,,,,,,,,
,,,1921,"228,138      ","+4,437    ",+1.98          ,"123,854      ","104,284       ",,,,,,,,,,
,,,1931,"238,280      ","+10,142    ",+4.45          ,"126,374      ","111,906       ",,,,,,,,,,
,,,1941,"259,656      ","+21,376    ",+8.97          ,"139,095      ","120,561       ",,,,,,,,,,
,,,1951,"286,111      ","+26,455    ",+10.19          ,"152,608      ","133,503       ",,,,,,,,,,
,,,1961,"341,461      ","+55,350    ",+19.35          ,"184,413      ","157,048       ",,,,,,,,,,
,,,1971,"419,844      ","+78,383    ",+22.96          ,"224,631      ","195,213       ",,,,,,,,,,
,,,1981,"510,932      ","+91,088    ",+21.70          ,"272,126      ","238,806       ",,,,,,,,,,
,,,1991,"617,404      ","+106,472    ",+20.84          ,"325,897      ","291,507       ",,,,,,,,,,
,,,2001,"722,502      ","+105,098    ",+17.02          ,"380,996      ","341,506       ",,,,,,,,,,
,,,2011,"814,010      ","+91,508    ",+12.67          ,"425,039      ","388,971       ",,,,,,,,,,
,,,,,,,,,,,,,,,,,,
02,034,Kinnaur,1901,"27,232      ", ---, ---,"14,252      ","12,980       ",,,,,,,,,,
,,,1911,"28,470      ","+1,238    ",+4.55          ,"14,710      ","13,760       ",,,,,,,,,,
,,,1921,"28,191      ",-279     ,-0.98          ,"14,664      ","13,527       ",,,,,,,,,,
,,,1931,"30,445      ","+2,254    ",+8.00          ,"15,685      ","14,760       ",,,,,,,,,,
,,,1941,"33,238      ","+2,793    ",+9.17          ,"17,400      ","15,838       ",,,,,,,,,,
,,,1951,"34,475      ","+1,237    ",+3.72          ,"16,654      ","17,821       ",,,,,,,,,,
,,,1961,"40,980      ","+6,505    ",+18.87          ,"20,808      ","20,172       ",,,,,,,,,,
,,,1971,"49,835      ","+8,855    ",+21.61          ,"26,407      ","23,428       ",,,,,,,,,,
,,,1981,"59,547      ","+9,712    ",+19.49          ,"31,598      ","27,949       ",,,,,,,,,,
,,,1991,"71,270      ","+11,723    ",+19.69          ,"38,394      ","32,876       ",,,,,,,,,,
,,,2001,"78,334      ","+7,064    ",+9.91          ,"42,173      ","36,161       ",,,,,,,,,,
,,,2011,"84,121      ","+5,787    ",+7.39          ,"46,249      ","37,872       ",,,,,,,,,,
,,Note : *  Sex wise population for 1901 is not available.,,,,,,,,,,,,,,,,
,,,,,,,,,,,,,,,,,,
,,,,,,,,,,,,,,,,,,
,,,,,,,,,,,,,,,,,,
,,,,,,,,,,,,,,,,,,
,,,,,,,,,,,,,,,,,,
,,,,,,,,,,,,,,,,,,
,,,,,,,,,,,,,,,,,,
,,,,,,,,,,,,,,,,,,
,,,,,,,,,,,,,,,,,,
,,,,,,,,,,,,,,,,,,
,,,,,,,,,,,,,,,,,,
,,,,,,,,,,,,,,,,,,
,,,,,,,,,,,,,,,,,,
,,,,,,,,,,,,,,,,,,
,,,,,,,,,,,,,,,,,,
,,,,,,,,,,,,,,,,,,
,,,,,,,,,,,,,,,,,,
,,,,,,,,,,,,,,,,,,
,,,,,,,,,,,,,,,,,,
,,,,,,,,,,,,,,,,,,
,,,,,,,,,,,,,,,,,,
,,,,,,,,,,,,,,,,,,
,,,,,,,,,,,,,,,,,,
,,,,,,,,,,,,,,,,,,
,,,,,,,,,,,,,,,,,,
,,,,,,,,,,,,,,,,,,
,,,,,,,,,,,,,,,,,,
,,,,,,,,,,,,,,,,,,
,,,,,,,,,,,,,,,,,,