﻿,,  A - 2  DECADAL VARIATION  IN  POPULATION  SINCE  1901,,,,,,,,,,,,,,,,
State,District,State/District,Census Year,Persons,Variation since the preceding census ,,Males,Females,,,,,,,,,,
,,,,,,,,,,,,,,,,,,
Code,Code,,,,Absolute,Percentage,,,,,,,,,,,,
1,2,3,4,5,6,7,8,9,,,,,,,,,,
32,000,KERALA,1901,"6,396,262",           ------,           ------,"3,191,466","3,204,796",,,,,,,,,,
,, ,1911,"7,147,673","+751,411    ",+11.75          ,"3,559,425","3,588,248",,,,,,,,,,
,,,1921,"7,802,127","+654,454    ",+9.16          ,"3,879,458","3,922,669",,,,,,,,,,
,,,1931,"9,507,050","+1,704,923    ",+21.85          ,"4,702,951","4,804,099",,,,,,,,,,
,,,1941,"11,031,541","+1,524,491    ",+16.04          ,"5,443,296","5,588,245",,,,,,,,,,
,,,1951,"13,549,118","+2,517,577    ",+22.82          ,"6,681,901","6,867,217",,,,,,,,,,
,,,1961,"16,903,715","+3,354,597    ",+24.76          ,"8,361,927","8,541,788",,,,,,,,,,
,,,1971,"21,347,375","+4,443,660    ",+26.29          ,"10,587,851","10,759,524",,,,,,,,,,
,,,1981,"25,453,680","+4,106,305    ",+19.24          ,"12,527,767","12,925,913",,,,,,,,,,
,,,1991,"29,098,518","+3,644,838    ",+14.32          ,"14,288,995","14,809,523",,,,,,,,,,
,,,2001,"31,841,374","+2,742,856    ",+9.43          ,"15,468,614","16,372,760",,,,,,,,,,
,,,2011," 33,406,061 ","+1,564,687    ",+4.91          ," 16,027,412 "," 17,378,649 ",,,,,,,,,,
,,,,,,,,,,,,,,,,,,
32,588,Kasaragod,1901,"231,280",           ------,           ------,"112,299","118,981",,,,,,,,,,
,,,1911,"247,467","+16,187    ",+7.0          ,"120,526","126,941",,,,,,,,,,
,,,1921,"256,931","+9,464    ",+3.82          ,"125,319","131,612",,,,,,,,,,
,,,1931,"302,043","+45,112    ",+17.56          ,"148,055","153,988",,,,,,,,,,
,,,1941,"342,301","+40,258    ",+13.33          ,"167,839","174,462",,,,,,,,,,
,,,1951,"411,031","+68,730    ",+20.08          ,"200,927","210,104",,,,,,,,,,
,,,1961,"512,146","+101,115    ",+24.60          ,"252,746","259,400",,,,,,,,,,
,,,1971,"683,020","+170,874    ",+33.36          ,"341,859","341,161",,,,,,,,,,
,,,1981,"872,741","+189,721    ",+27.78          ,"432,025","440,716",,,,,,,,,,
,,,1991,"1,071,508","+198,767    ",+22.78          ,"528,803","542,705",,,,,,,,,,
,,,2001,"1,204,078","+132,570    ",+12.37          ,"588,083","615,995",,,,,,,,,,
,,,2011," 1,307,375 ","+103,297    ",+8.58          ," 628,613 "," 678,762 ",,,,,,,,,,
,,,,,,,,,,,,,,,,,,
32,589, Kannur,1901,"529,623",           ------,           ------,"257,078","272,545",,,,,,,,,,
,,,1911,"565,261","+35,638    ",+6.73          ,"271,947","293,314",,,,,,,,,,
,,,1921,"578,680","+13,419    ",+2.37          ,"272,795","305,885",,,,,,,,,,
,,,1931,"662,715","+84,035    ",+14.52          ,"314,678","348,037",,,,,,,,,,
,,,1941,"743,322","+80,607    ",+12.16          ,"352,213","391,109",,,,,,,,,,
,,,1951,"904,470","+161,148    ",+21.68          ,"436,154","468,316",,,,,,,,,,
,,,1961,"1,177,948","+273,478    ",+30.24          ,"575,192","602,756",,,,,,,,,,
,,,1971,"1,552,809","+374,861    ",+31.82          ,"763,868","788,941",,,,,,,,,,
,,,1981,"1,930,726","+377,917    ",+24.34          ,"946,553","984,173",,,,,,,,,,
,,,1991,"2,251,727","+321,001    ",+16.63          ,"1,098,838","1,152,889",,,,,,,,,,
,,,2001,"2,408,956","+157,229    ",+6.98          ,"1,152,817","1,256,139",,,,,,,,,,
,,,2011," 2,523,003 ","+114,047    ",+4.73          ," 1,181,446 "," 1,341,557 ",,,,,,,,,,
,,,,,,,,,,,,,,,,,,
32,590,Wayanad,1901,"75,149",           ------,           ------,"41,632","33,517",,,,,,,,,,
,,,1911,"82,549","+7,400    ",+9.85          ,"45,489","37,060",,,,,,,,,,
,,,1921,"84,771","+2,222    ",+2.69          ,"47,473","37,298",,,,,,,,,,
,,,1931,"91,769","+6,998    ",+8.26          ,"50,877","40,892",,,,,,,,,,
,,,1941,"106,350","+14,581    ",+15.89          ,"57,952","48,398",,,,,,,,,,
,,,1951,"169,280","+62,930    ",+59.17          ,"92,099","77,181",,,,,,,,,,
,,,1961,"275,255","+105,975    ",+62.60          ,"144,635","130,620",,,,,,,,,,
,,,1971,"413,850","+138,595    ",+50.35          ,"215,338","198,512",,,,,,,,,,
,,,1981,"554,026","+140,176    ",+33.87          ,"284,261","269,765",,,,,,,,,,
,,,1991,"672,128","+118,102    ",+21.32          ,"341,958","330,170",,,,,,,,,,
,,,2001,"780,619","+108,491    ",+16.14          ,"391,273","389,346",,,,,,,,,,
,,,2011," 817,420 ","+36,801    ",+4.71          ," 401,684 "," 415,736 ",,,,,,,,,,
,,,,,,,,,,,,,,,,,,
32,591,Kozhikode,1901,"610,058",           ------,           ------,"303,662","306,396",,,,,,,,,,
,,,1911,"654,846","+44,788    ",+7.34          ,"323,897","330,949",,,,,,,,,,
,,,1921,"678,122","+23,276    ",+3.55          ,"332,771","345,351",,,,,,,,,,
,,,1931,"796,881","+118,759    ",+17.51          ,"392,117","404,764",,,,,,,,,,
,,,1941,"892,078","+95,197    ",+11.95          ,"436,503","455,575",,,,,,,,,,
,,,1951,"1,116,391","+224,313    ",+25.14          ,"553,029","563,362",,,,,,,,,,
,,,1961,"1,403,413","+287,022    ",+25.71          ,"699,388","704,025",,,,,,,,,,
,,,1971,"1,821,734","+418,321    ",+29.81          ,"909,037","912,697",,,,,,,,,,
,,,1981,"2,245,265","+423,531    ",+23.25          ,"1,111,409","1,133,856",,,,,,,,,,
,,,1991,"2,619,941","+374,676    ",+16.69          ,"1,292,765","1,327,176",,,,,,,,,,
,,,2001,"2,879,131","+259,190    ",+9.89          ,"1,399,358","1,479,773",,,,,,,,,,
,,,2011," 3,086,293 ","+207,162    ",+7.20          ," 1,470,942 "," 1,615,351 ",,,,,,,,,,
,,,,,,,,,,,,,,,,,,
32,592,Malappuram,1901,"682,151",           ------,           ------,"338,217","343,934",,,,,,,,,,
,,,1911,"747,929","+65,778    ",+9.64          ,"370,203","377,726",,,,,,,,,,
,,,1921,"764,138","+16,209    ",+2.17          ,"375,166","388,972",,,,,,,,,,
,,,1931,"874,504","+110,366    ",+14.44          ,"424,823","449,681",,,,,,,,,,
,,,1941,"977,085","+102,581    ",+11.73          ,"473,762","503,323",,,,,,,,,,
,,,1951,"1,149,718","+172,633    ",+17.67          ,"559,531","590,187",,,,,,,,,,
,,,1961,"1,387,370","+237,652    ",+20.67          ,"674,337","713,033",,,,,,,,,,
,,,1971,"1,856,357","+468,987    ",+33.80          ,"909,510","946,847",,,,,,,,,,
,,,1981,"2,402,701","+546,344    ",+29.43          ,"1,170,778","1,231,923",,,,,,,,,,
,,,1991,"3,096,330","+693,629    ",+28.87          ,"1,508,280","1,588,050",,,,,,,,,,
,,,2001,"3,625,471","+529,141    ",+17.09          ,"1,754,576","1,870,895",,,,,,,,,,
,,,2011," 4,112,920 ","+487,449    ",+13.45          ," 1,960,328 "," 2,152,592 ",,,,,,,,,,
,,,,,,,,,,,,,,,,,,
32,593,Palakkad,1901,"763,917",           ------,           ------,"374,083","389,834",,,,,,,,,,
,,,1911,"819,726","+55,809    ",+7.31          ,"398,459","421,267",,,,,,,,,,
,,,1921,"853,988","+34,262    ",+4.18          ,"412,781","441,207",,,,,,,,,,
,,,1931,"941,286","+87,298    ",+10.22          ,"452,770","488,516",,,,,,,,,,
,,,1941,"1,025,058","+83,772    ",+8.90          ,"492,995","532,063",,,,,,,,,,
,,,1951,"1,214,208","+189,150    ",+18.45          ,"582,388","631,820",,,,,,,,,,
,,,1961,"1,369,508","+155,300    ",+12.79          ,"659,217","710,291",,,,,,,,,,
,,,1971,"1,685,347","+315,839    ",+23.06          ,"819,576","865,771",,,,,,,,,,
,,,1981,"2,044,399","+359,052    ",+21.30          ,"994,196","1,050,203",,,,,,,,,,
,,,1991,"2,382,235","+337,836    ",+16.52          ,"1,155,822","1,226,413",,,,,,,,,,
,,,2001,"2,617,482","+235,247    ",+9.88          ,"1,266,985","1,350,497",,,,,,,,,,
,,,2011," 2,809,934 ","+192,452    ",+7.35          ," 1,359,478 "," 1,450,456 ",,,,,,,,,,
,,,,,,,,,,,,,,,,,,
32,594,Thrissur,1901,"683,266",           ------,           ------,"341,020","342,246",,,,,,,,,,
,,,1911,"769,702","+86,436    ",+12.65          ,"383,182","386,520",,,,,,,,,,
,,,1921,"813,758","+44,056    ",+5.72          ,"396,787","416,971",,,,,,,,,,
,,,1931,"993,913","+180,155    ",+22.14          ,"479,089","514,824",,,,,,,,,,
,,,1941,"1,154,598","+160,685    ",+16.17          ,"554,618","599,980",,,,,,,,,,
,,,1951,"1,403,150","+248,552    ",+21.53          ,"666,464","736,686",,,,,,,,,,
,,,1961,"1,688,333","+285,183    ",+20.32          ,"806,638","881,695",,,,,,,,,,
,,,1971,"2,128,877","+440,544    ",+26.09          ,"1,022,814","1,106,063",,,,,,,,,,
,,,1981,"2,439,633","+310,756    ",+14.60          ,"1,161,719","1,277,914",,,,,,,,,,
,,,1991,"2,737,311","+297,678    ",+12.20          ,"1,312,683","1,424,628",,,,,,,,,,
,,,2001,"2,974,232","+236,921    ",+8.66          ,"1,422,052","1,552,180",,,,,,,,,,
,,,2011," 3,121,200 ","+146,968    ",+4.94          ," 1,480,763 "," 1,640,437 ",,,,,,,,,,
,,,,,,,,,,,,,,,,,,
32,595,Ernakulam,1901,"646,235",           ------,           ------,"325,537","320,698",,,,,,,,,,
,,,1911,"735,267","+89,032    ",+13.78          ,"369,410","365,857",,,,,,,,,,
,,,1921,"789,311","+54,044    ",+7.35          ,"400,838","388,473",,,,,,,,,,
,,,1931,"982,731","+193,420    ",+24.50          ,"492,759","489,972",,,,,,,,,,
,,,1941,"1,172,292","+189,561    ",+19.29          ,"587,688","584,604",,,,,,,,,,
,,,1951,"1,393,679","+221,387    ",+18.88          ,"694,116","699,563",,,,,,,,,,
,,,1961,"1,702,740","+309,061    ",+22.18          ,"851,836","850,904",,,,,,,,,,
,,,1971,"2,170,820","+468,080    ",+27.49          ,"1,092,071","1,078,749",,,,,,,,,,
,,,1981,"2,549,255","+378,435    ",+17.43          ,"1,276,361","1,272,894",,,,,,,,,,
,,,1991,"2,840,279","+291,024    ",+11.42          ,"1,420,424","1,419,855",,,,,,,,,,
,,,2001,"3,105,798","+265,519    ",+9.35          ,"1,538,397","1,567,401",,,,,,,,,,
,,,2011," 3,282,388 ","+176,590    ",+5.69          ," 1,619,557 "," 1,662,831 ",,,,,,,,,,
,,,,,,,,,,,,,,,,,,
32,596,Idukki,1901,"47,666",           ------,           ------,"25,928","21,738",,,,,,,,,,
,,,1911,"99,564","+51,898    ",+108.88          ,"54,050","45,514",,,,,,,,,,
,,,1921,"108,751","+9,187    ",+9.23          ,"58,765","49,986",,,,,,,,,,
,,,1931,"187,680","+78,929    ",+72.58          ,"102,358","85,322",,,,,,,,,,
,,,1941,"244,296","+56,616    ",+30.17          ,"130,286","114,010",,,,,,,,,,
,,,1951,"331,422","+87,126    ",+35.66          ,"173,630","157,792",,,,,,,,,,
,,,1961,"574,844","+243,422    ",+73.45          ,"300,281","274,563",,,,,,,,,,
,,,1971,"758,166","+183,322    ",+31.89          ,"391,499","366,667",,,,,,,,,,
,,,1981,"955,241","+197,075    ",+25.99          ,"486,561","468,680",,,,,,,,,,
,,,1991,"1,055,023","+99,782    ",+10.45          ,"534,097","520,926",,,,,,,,,,
,,,2001,"1,129,221","+74,198    ",+7.03          ,"566,682","562,539",,,,,,,,,,
,,,2011," 1,108,974 ","-20,247 ",-1.79 ," 552,808 "," 556,166 ",,,,,,,,,,
,,,,,,,,,,,,,,,,,,
32,597,Kottayam,1901,"450,615",           ------,           ------,"229,338","221,277",,,,,,,,,,
,,,1911,"488,040","+37,425    ",+8.31          ,"247,801","240,239",,,,,,,,,,
,,,1921,"585,478","+97,438    ",+19.97          ,"300,635","284,843",,,,,,,,,,
,,,1931,"775,069","+189,591    ",+32.38          ,"394,234","380,835",,,,,,,,,,
,,,1941,"942,899","+167,830    ",+21.65          ,"479,518","463,381",,,,,,,,,,
,,,1951,"1,132,478","+189,579    ",+20.11          ,"570,002","562,476",,,,,,,,,,
,,,1961,"1,313,983","+181,505    ",+16.03          ,"661,037","652,946",,,,,,,,,,
,,,1971,"1,539,030","+225,047    ",+17.13          ,"773,182","765,848",,,,,,,,,,
,,,1981,"1,697,442","+158,412    ",+10.29          ,"848,462","848,980",,,,,,,,,,
,,,1991,"1,828,271","+130,829    ",+7.71          ,"912,860","915,411",,,,,,,,,,
,,,2001,"1,953,646","+125,375    ",+6.86          ,"964,926","988,720",,,,,,,,,,
,,,2011," 1,974,551 ","+20,905    ",+1.07          ," 968,289 "," 1,006,262 ",,,,,,,,,,
,,,,,,,,,,,,,,,,,,
32,598,Alappuzha,1901,"509,545",           ------,           ------,"256,538","253,007",,,,,,,,,,
,,,1911,"585,094","+75,549    ",+14.83          ,"294,461","290,633",,,,,,,,,,
,,,1921,"693,538","+108,444    ",+18.53          ,"349,280","344,258",,,,,,,,,,
,,,1931,"865,222","+171,684    ",+24.75          ,"433,333","431,889",,,,,,,,,,
,,,1941,"983,184","+117,962    ",+13.63          ,"490,747","492,437",,,,,,,,,,
,,,1951,"1,165,845","+182,661    ",+18.58          ,"576,523","589,322",,,,,,,,,,
,,,1961,"1,404,269","+238,424    ",+20.45          ,"693,008","711,261",,,,,,,,,,
,,,1971,"1,671,286","+267,017    ",+19.01          ,"825,137","846,149",,,,,,,,,,
,,,1981,"1,865,455","+194,169    ",+11.62          ,"912,888","952,567",,,,,,,,,,
,,,1991,"2,001,217","+135,762    ",+7.28          ,"975,885","1,025,332",,,,,,,,,,
,,,2001,"2,109,160","+107,943    ",+5.39          ,"1,014,529","1,094,631",,,,,,,,,,
,,,2011," 2,127,789 ","+18,629    ",+.88          ," 1,013,142 "," 1,114,647 ",,,,,,,,,,
,,,,,,,,,,,,,,,,,,
32,599,Pathanamthitta,1901,"276,251",           ------,           ------,"139,071","137,180",,,,,,,,,,
,,,1911,"317,072","+40,821    ",+14.78          ,"159,543","157,529",,,,,,,,,,
,,,1921,"375,935","+58,863    ",+18.56          ,"192,839","183,096",,,,,,,,,,
,,,1931,"478,345","+102,410    ",+27.24          ,"242,188","236,157",,,,,,,,,,
,,,1941,"576,436","+98,091    ",+20.51          ,"290,305","286,131",,,,,,,,,,
,,,1951,"719,272","+142,836    ",+24.78          ,"360,307","358,965",,,,,,,,,,
,,,1961,"888,272","+169,000    ",+23.50          ,"441,686","446,586",,,,,,,,,,
,,,1971,"1,028,208","+139,936    ",+15.75          ,"509,217","518,991",,,,,,,,,,
,,,1981,"1,125,345","+97,137    ",+9.45          ,"547,352","577,993",,,,,,,,,,
,,,1991,"1,188,332","+62,987    ",+5.60          ,"576,176","612,156",,,,,,,,,,
,,,2001,"1,234,016","+45,684    ",+3.84          ,"589,398","644,618",,,,,,,,,,
,,,2011," 1,197,412 ","-36,604 ",-2.97 ," 561,716 "," 635,696 ",,,,,,,,,,
,,,,,,,,,,,,,,,,,,
32,600,Kollam,1901,"406,013",           ------,           ------,"204,371","201,642",,,,,,,,,,
,,,1911,"465,684","+59,671    ",+14.70          ,"234,261","231,423",,,,,,,,,,
,,,1921,"552,333","+86,649    ",+18.61          ,"277,631","274,702",,,,,,,,,,
,,,1931,"698,041","+145,708    ",+26.38          ,"347,911","350,130",,,,,,,,,,
,,,1941,"856,585","+158,544    ",+22.71          ,"425,539","431,046",,,,,,,,,,
,,,1951,"1,110,362","+253,777    ",+29.63          ,"556,067","554,295",,,,,,,,,,
,,,1961,"1,461,103","+350,741    ",+31.59          ,"732,042","729,061",,,,,,,,,,
,,,1971,"1,839,265","+378,162    ",+25.88          ,"919,567","919,698",,,,,,,,,,
,,,1981,"2,175,339","+336,074    ",+18.27          ,"1,076,052","1,099,287",,,,,,,,,,
,,,1991,"2,407,566","+232,227    ",+10.68          ,"1,182,810","1,224,756",,,,,,,,,,
,,,2001,"2,585,208","+177,642    ",+7.38          ,"1,249,621","1,335,587",,,,,,,,,,
,,,2011," 2,635,375 ","+50,167    ",+1.94          ," 1,246,968 "," 1,388,407 ",,,,,,,,,,
,,,,,,,,,,,,,,,,,,
32,601,Thiruvananthapuram,1901,"484,493",           ------,           ------,"242,692","241,801",,,,,,,,,,
,,      ,1911,"569,472","+84,979    ",+17.54          ,"286,196","283,276",,,,,,,,,,
,,,1921,"666,393","+96,921    ",+17.02          ,"336,378","330,015",,,,,,,,,,
,,,1931,"856,851","+190,458    ",+28.58          ,"427,759","429,092",,,,,,,,,,
,,,1941,"1,015,057","+158,206    ",+18.46          ,"503,331","511,726",,,,,,,,,,
,,,1951,"1,327,812","+312,755    ",+30.81          ,"660,664","667,148",,,,,,,,,,
,,,1961,"1,744,531","+416,719    ",+31.38          ,"869,884","874,647",,,,,,,,,,
,,,1971,"2,198,606","+454,075    ",+26.03          ,"1,095,176","1,103,430",,,,,,,,,,
,,,1981,"2,596,112","+397,506    ",+18.08          ,"1,279,150","1,316,962",,,,,,,,,,
,,,1991,"2,946,650","+350,538    ",+13.50          ,"1,447,594","1,499,056",,,,,,,,,,
,,,2001,"3,234,356","+287,706    ",+9.76          ,"1,569,917","1,664,439",,,,,,,,,,
,,,2011," 3,301,427 ","+67,071    ",+2.07          ," 1,581,678 "," 1,719,749 ",,,,,,,,,,
,,,,,,,,,,,,,,,,,,
,,,,,,,,,,,,,,,,,,