﻿,,  A - 2  DECADAL VARIATION  IN  POPULATION  SINCE  1901,,,,,,,,,,,,,,,,,
State,District,Union Territory/District,Census,Persons,Variation since the preceding census ,,Males,Females,,,,,,,,,,,
Code,Code,, Year,,,,,,,,,,,,,,,,
,,,,,Absolute,Percentage,,,,,,,,,,,,,
1,2,3,4,5,6,7,8,9,,,,,,,,,,,
34,000,PUDUCHERRY U.T.,1901,"246,354",-,-,N.A,N.A,,,,,,,,,,,
,, ,1911,"257,179","+10,825    ",+4.39          ,"124,961","132,218",,,,,,,,,,,
,,,1921,"244,156","-13,023 ",-5.06 ,"118,953","125,203",,,,,,,,,,,
,,,1931,"258,628","+14,472    ",+5.93          ,N.A,N.A,,,,,,,,,,,
,,,1941,"285,011","+26,383    ",+10.20          ,N.A,N.A,,,,,,,,,,,
,,,1948,"317,253","+32,242    ",+11.31          ,"156,275","160,978",,,,,,,,,,,
,,,1961,"369,079","+51,826    ",+16.34          ,"183,347","185,732",,,,,,,,,,,
,,,1971,"471,707","+102,628    ",+27.81          ,"237,112","234,595",,,,,,,,,,,
,,,1981,"604,471","+132,764    ",+28.15          ,"304,561","299,910",,,,,,,,,,,
,,,1991,"807,785","+203,314    ",+33.64          ,"408,081","399,704",,,,,,,,,,,
,,,2001,"974,345","+166,560    ",+20.62          ,"486,961","487,384",,,,,,,,,,,
,,,2011," 1,247,953 ","+273,608    ",+28.08          ," 612,511 "," 635,442 ",,,,,,,,,,,
,,,,,,,,,,,,,,,,,,,
34,634,Yanam,1901,"5,005",-,-,N.A,N.A,,,,,,,,,,,
,,,1911,"5,033",+28    ,+.56          ,"2,290","2,743",,,,,,,,,,,
,,,1921,"4,630",-403 ,-8.01 ,"2,119","2,511",,,,,,,,,,,
,,,1931,"5,249",+619    ,+13.37          ,N.A,N.A,,,,,,,,,,,
,,,1941,"5,711",+462    ,+8.80          ,N.A,N.A,,,,,,,,,,,
,,,1948,"5,853",+142    ,+2.49          ,"2,832","3,021",,,,,,,,,,,
,,,1961,"7,032","+1,179    ",+20.14          ,"3,479","3,553",,,,,,,,,,,
,,,1971,"8,291","+1,259    ",+17.90          ,"4,096","4,195",,,,,,,,,,,
,,,1981,"11,631","+3,340    ",+40.28          ,"5,893","5,738",,,,,,,,,,,
,,,1991,"20,297","+8,666    ",+74.51          ,"10,307","9,990",,,,,,,,,,,
,,,2001,"31,394","+11,097    ",+54.67          ,"15,893","15,501",,,,,,,,,,,
,,,2011," 55,626 ","+24,232    ",+77.19          ," 27,301 "," 28,325 ",,,,,,,,,,,
,,,,,,,,,,,,,,,,,,,
34,635,Puducherry,1901,"174,456",-,-,N.A,N.A,,,,,,,,,,,
,,,1911,"184,840","+10,384    ",+5.95          ,"91,989","92,851",,,,,,,,,,,
,,,1921,"174,343","-10,497 ",-5.68 ,"86,611","87,732",,,,,,,,,,,
,,,1931,"183,555","+9,212    ",+5.28          ,N.A,N.A,,,,,,,,,,,
,,,1941,"204,653","+21,098    ",+11.49          ,N.A,N.A,,,,,,,,,,,
,,,1948,"222,566","+17,913    ",+8.75          ,"110,933","111,633",,,,,,,,,,,
,,,1961,"258,561","+35,995    ",+16.17          ,"130,050","128,511",,,,,,,,,,,
,,,1971,"340,240","+81,679    ",+31.59          ,"172,894","167,346",,,,,,,,,,,
,,,1981,"444,417","+104,177    ",+30.62          ,"226,041","218,376",,,,,,,,,,,
,,,1991,"608,338","+163,921    ",+36.88          ,"309,701","298,637",,,,,,,,,,,
,,,2001,"735,332","+126,994    ",+20.88          ,"369,428","365,904",,,,,,,,,,,
,,,2011," 950,289 ","+214,957    ",+29.23          ," 468,258 "," 482,031 ",,,,,,,,,,,
,,,,,,,,,,,,,,,,,,,
,,,,,,,,,,,,,,,,,,,
,,,,,,,,,,,,,,,,,,,
,,,,,,,,,,,,,,,,,,,
,,,,,,,,,,,,,,,,,,,
34,636,Mahe,1901,"10,298",-,-,N.A,N.A,,,,,,,,,,,
,,,1911,"10,729",+431    ,+4.19          ,"5,042","5,687",,,,,,,,,,,
,,,1921,"10,827",+98    ,+.91          ,"4,898","5,929",,,,,,,,,,,
,,,1931,"12,430","+1,603    ",+14.81          ,N.A,N.A,,,,,,,,,,,
,,,1941,"14,092","+1,662    ",+13.37          ,N.A,N.A,,,,,,,,,,,
,,,1948,"18,293","+4,201    ",+29.81          ,"8,528","9,765",,,,,,,,,,,
,,,1961,"19,485","+1,192    ",+6.52          ,"8,959","10,526",,,,,,,,,,,
,,,1971,"23,134","+3,649    ",+18.73          ,"10,664","12,470",,,,,,,,,,,
,,,1981,"28,413","+5,279    ",+22.82          ,"13,260","15,153",,,,,,,,,,,
,,,1991,"33,447","+5,034    ",+17.72          ,"15,516","17,931",,,,,,,,,,,
,,,2001,"36,828","+3,381    ",+10.11          ,"17,153","19,675",,,,,,,,,,,
,,,2011," 41,816 ","+4,988    ",+13.54          ," 19,143 "," 22,673 ",,,,,,,,,,,
,,,,,,,,,,,,,,,,,,,
34,637,Karaikal,1901,"56,595",-,-,N.A,N.A,,,,,,,,,,,
,,,1911,"56,577",-18,-0.03 ,"25,640","30,937",,,,,,,,,,,
,,,1921,"54,356","-2,221",-3.93 ,"25,325","29,031",,,,,,,,,,,
,,,1931,"57,394","+3,038    ",+5.59          ,N.A,N.A,,,,,,,,,,,
,,,1941,"60,555","+3,161    ",+5.51          ,N.A,N.A,,,,,,,,,,,
,,,1948,"70,541","+9,986    ",+16.49          ,"33,982","36,559",,,,,,,,,,,
,,,1961,"84,001","+13,460    ",+19.08          ,"40,859","43,142",,,,,,,,,,,
,,,1971,"100,042","+16,041    ",+19.10          ,"49,458","50,584",,,,,,,,,,,
,,,1981,"120,010","+19,968    ",+19.96          ,"59,367","60,643",,,,,,,,,,,
,,,1991,"145,703","+25,693    ",+21.41          ,"72,557","73,146",,,,,,,,,,,
,,,2001,"170,791","+25,088    ",+17.22          ,"84,487","86,304",,,,,,,,,,,
,,,2011," 200,222 ","+29,431    ",+17.23          ," 97,809 "," 102,413 ",,,,,,,,,,,
,,,,,,,,,,,,,,,,,,,
,,Note:-,,,,,,,,,,,,,,,,,
,,i)," No sex wise break up is available for the years 1901, 1931 and 1941.",,,,,,,,,,,,,,,,
,,ii), Census was taken in 1948 instead of 1951 in Puducherry U.T. by then,,,,,,,,,,,,,,,,
,,,French Administration.,,,,,,,,,,,,,,,,