﻿,,  A - 2  DECADAL VARIATION  IN  POPULATION  SINCE  1901,,,,,,,,,,,,,,,,,
State,District,State/Union Territory/District,Census ,Persons,Variation since the preceding census ,,Males,Females,,,,,,,,,,,
Code,Code,,Year,,,,,,,,,,,,,,,,
,,,,,Absolute,Percentage,,,,,,,,,,,,,
1,2,3,4,5,6,7,8,9,,,,,,,,,,,
,,,,,,,,,,,,,,,,,,,
05,000,UTTARAKHAND,1901,"1,979,866",                   ----,                       ----,"1,032,166","947,700",,,,,,,,,,,
,, ,1911,"2,142,258","+162,392    ",+8.20          ,"1,123,165","1,019,093",,,,,,,,,,,
,,,1921,"2,115,984","-26,274 ",-1.23 ,"1,104,586","1,011,398",,,,,,,,,,,
,,,1931,"2,301,019","+185,035    ",+8.74          ,"1,202,594","1,098,425",,,,,,,,,,,
,,,1941,"2,614,540","+313,521    ",+13.63          ,"1,371,233","1,243,307",,,,,,,,,,,
,,,1951,"2,945,929","+331,389    ",+12.67          ,"1,518,844","1,427,085",,,,,,,,,,,
,,,1961,"3,610,938","+665,009    ",+22.57          ,"1,854,269","1,756,669",,,,,,,,,,,
,,,1971,"4,492,724","+881,786    ",+24.42          ,"2,315,453","2,177,271",,,,,,,,,,,
,,,1981,"5,725,972","+1,233,248    ",+27.45          ,"2,957,847","2,768,125",,,,,,,,,,,
,,,1991,"7,050,634","+1,324,662    ",+23.13          ,"3,640,895","3,409,739",,,,,,,,,,,
,,,2001,"8,489,349","+1,438,715    ",+20.41          ,"4,325,924","4,163,425",,,,,,,,,,,
,,,2011," 10,086,292 ","+1,596,943    ",+18.81          ," 5,137,773 "," 4,948,519 ",,,,,,,,,,,
,,,,,,,,,,,,,,,,,,,
05,056,Uttarkashi,1901,"69,209",                   ----,                       ----,"34,343","34,866",,,,,,,,,,,
,,,1911,"77,429","+8,220    ",+11.88          ,"38,213","39,216",,,,,,,,,,,
,,,1921,"81,958","+4,529    ",+5.85          ,"40,282","41,676",,,,,,,,,,,
,,,1931,"89,978","+8,020    ",+9.79          ,"44,611","45,367",,,,,,,,,,,
,,,1941,"102,280","+12,302    ",+13.67          ,"51,758","50,522",,,,,,,,,,,
,,,1951,"106,058","+3,778    ",+3.69          ,"53,214","52,844",,,,,,,,,,,
,,,1961,"122,836","+16,778    ",+15.82          ,"62,534","60,302",,,,,,,,,,,
,,,1971,"147,805","+24,969    ",+20.33          ,"77,832","69,973",,,,,,,,,,,
,,,1981,"190,948","+43,143    ",+29.19          ,"101,533","89,415",,,,,,,,,,,
,,,1991,"239,709","+48,761    ",+25.54          ,"124,978","114,731",,,,,,,,,,,
,,,2001,"295,013","+55,304    ",+23.07          ,"152,016","142,997",,,,,,,,,,,
,,,2011," 330,086 ","+35,073    ",+11.89          ," 168,597 "," 161,489 ",,,,,,,,,,,
,,,,,,,,,,,,,,,,,,,
05,057,Chamoli,1901,"102,602",                   ----,                       ----,"50,497","52,105",,,,,,,,,,,
,,,1911,"114,599","+11,997    ",+11.69          ,"56,280","58,319",,,,,,,,,,,
,,,1921,"115,924","+1,325    ",+1.16          ,"55,637","60,287",,,,,,,,,,,
,,,1931,"127,559","+11,635    ",+10.04          ,"61,640","65,919",,,,,,,,,,,
,,,1941,"143,861","+16,302    ",+12.78          ,"69,278","74,583",,,,,,,,,,,
,,,1951,"152,823","+8,962    ",+6.23          ,"73,065","79,758",,,,,,,,,,,
,,,1961,"182,606","+29,783    ",+19.49          ,"87,421","95,185",,,,,,,,,,,
,,,1971,"213,629","+31,023    ",+16.99          ,"104,960","108,669",,,,,,,,,,,
,,,1981,"265,216","+51,587    ",+24.15          ,"130,981","134,235",,,,,,,,,,,
,,,1991,"325,247","+60,031    ",+22.63          ,"164,129","161,118",,,,,,,,,,,
,,,2001,"370,359","+45,112    ",+13.87          ,"183,745","186,614",,,,,,,,,,,
,,,2011," 391,605 ","+21,246    ",+5.74          ," 193,991 "," 197,614 ",,,,,,,,,,,
,,,,,,,,,,,,,,,,,,,
05,058,Rudraprayag,1901,"70,510",                   ----,                       ----,"34,781","35,729",,,,,,,,,,,
,,,1911,"78,790","+8,280    ",+11.74          ,"38,747","40,043",,,,,,,,,,,
,,,1921,"80,700","+1,910    ",+2.42          ,"38,994","41,706",,,,,,,,,,,
,,,1931,"88,743","+8,043    ",+9.97          ,"43,197","45,546",,,,,,,,,,,
,,,1941,"100,305","+11,562    ",+13.03          ,"48,995","51,310",,,,,,,,,,,
,,,1951,"105,848","+5,543    ",+5.53          ,"49,333","56,515",,,,,,,,,,,
,,,1961,"119,921","+14,073    ",+13.30          ,"55,116","64,805",,,,,,,,,,,
,,,1971,"135,654","+15,733    ",+13.12          ,"62,417","73,237",,,,,,,,,,,
,,,1981,"169,743","+34,089    ",+25.13          ,"80,414","89,329",,,,,,,,,,,
,,,1991,"200,515","+30,772    ",+18.13          ,"95,745","104,770",,,,,,,,,,,
,,,2001,"227,439","+26,924    ",+13.43          ,"107,535","119,904",,,,,,,,,,,
,,,2011," 242,285 ","+14,846    ",+6.53          ," 114,589 "," 127,696 ",,,,,,,,,,,
,,,,,,,,,,,,,,,,,,,
05,059,Tehri Garhwal,1901,"180,788",                   ----,                       ----,"89,722","91,066",,,,,,,,,,,
,,,1911,"202,264","+21,476    ",+11.88          ,"99,839","102,425",,,,,,,,,,,
,,,1921,"214,090","+11,826    ",+5.85          ,"105,242","108,848",,,,,,,,,,,
,,,1931,"235,038","+20,948    ",+9.78          ,"116,549","118,489",,,,,,,,,,,
,,,1941,"267,178","+32,140    ",+13.67          ,"135,223","131,955",,,,,,,,,,,
,,,1951,"277,115","+9,937    ",+3.72          ,"130,563","146,552",,,,,,,,,,,
,,,1961,"313,210","+36,095    ",+13.03          ,"142,231","170,979",,,,,,,,,,,
,,,1971,"358,117","+44,907    ",+14.34          ,"164,340","193,777",,,,,,,,,,,
,,,1981,"446,472","+88,355    ",+24.67          ,"214,577","231,895",,,,,,,,,,,
,,,1991,"520,256","+73,784    ",+16.53          ,"254,188","266,068",,,,,,,,,,,
,,,2001,"604,747","+84,491    ",+16.24          ,"295,168","309,579",,,,,,,,,,,
,,,2011," 618,931 ","+14,184    ",+2.35          ," 297,986 "," 320,945 ",,,,,,,,,,,
,,,,,,,,,,,,,,,,,,,
05,060,Dehradun,1901,"177,465",                   ----,                       ----,"102,374","75,091",,,,,,,,,,,
,,,1911,"204,534","+27,069    ",+15.25          ,"120,578","83,956",,,,,,,,,,,
,,,1921,"211,877","+7,343    ",+3.59          ,"127,971","83,906",,,,,,,,,,,
,,,1931,"229,850","+17,973    ",+8.48          ,"137,348","92,502",,,,,,,,,,,
,,,1941,"265,786","+35,936    ",+15.63          ,"161,671","104,115",,,,,,,,,,,
,,,1951,"361,689","+95,903    ",+36.08          ,"210,860","150,829",,,,,,,,,,,
,,,1961,"429,014","+67,325    ",+18.61          ,"242,987","186,027",,,,,,,,,,,
,,,1971,"577,306","+148,292    ",+34.57          ,"326,108","251,198",,,,,,,,,,,
,,,1981,"761,668","+184,362    ",+31.93          ,"420,465","341,203",,,,,,,,,,,
,,,1991,"1,025,679","+264,011    ",+34.66          ,"556,432","469,247",,,,,,,,,,,
,,,2001,"1,282,143","+256,464    ",+25.0          ,"679,583","602,560",,,,,,,,,,,
,,,2011," 1,696,694 ","+414,551    ",+32.33          ," 892,199 "," 804,495 ",,,,,,,,,,,
,,,,,,,,,,,,,,,,,,,
05,061,Garhwal,1901,"275,269",                   ----,                       ----,"135,479","139,790",,,,,,,,,,,
,,,1911,"307,454","+32,185    ",+11.69          ,"150,992","156,462",,,,,,,,,,,
,,,1921,"311,009","+3,555    ",+1.16          ,"149,268","161,741",,,,,,,,,,,
,,,1931,"342,227","+31,218    ",+10.04          ,"165,372","176,855",,,,,,,,,,,
,,,1941,"385,963","+43,736    ",+12.78          ,"185,865","200,098",,,,,,,,,,,
,,,1951,"410,007","+24,044    ",+6.23          ,"191,892","218,115",,,,,,,,,,,
,,,1961,"467,254","+57,247    ",+13.96          ,"216,005","251,249",,,,,,,,,,,
,,,1971,"535,141","+67,887    ",+14.53          ,"252,565","282,576",,,,,,,,,,,
,,,1981,"617,892","+82,751    ",+15.46          ,"295,483","322,409",,,,,,,,,,,
,,,1991,"670,859","+52,967    ",+8.57          ,"326,038","344,821",,,,,,,,,,,
,,,2001,"697,078","+26,219    ",+3.91          ,"331,061","366,017",,,,,,,,,,,
,,,2011," 687,271 ","-9,807 ",-1.41 ," 326,829 "," 360,442 ",,,,,,,,,,,
,,,,,,,,,,,,,,,,,,,
05,062,Pithoragarh,1901,"135,083",                   ----,                       ----,"68,361","66,722",,,,,,,,,,,
,,,1911,"156,541","+21,458    ",+15.89          ,"79,452","77,089",,,,,,,,,,,
,,,1921,"157,943","+1,402    ",+.90          ,"78,996","78,947",,,,,,,,,,,
,,,1931,"173,716","+15,773    ",+9.99          ,"86,963","86,753",,,,,,,,,,,
,,,1941,"204,684","+30,968    ",+17.83          ,"101,846","102,838",,,,,,,,,,,
,,,1951,"230,180","+25,496    ",+12.46          ,"113,904","116,276",,,,,,,,,,,
,,,1961,"274,226","+44,046    ",+19.14          ,"133,679","140,547",,,,,,,,,,,
,,,1971,"313,747","+39,521    ",+14.41          ,"154,298","159,449",,,,,,,,,,,
,,,1981,"365,141","+51,394    ",+16.38          ,"180,117","185,024",,,,,,,,,,,
,,,1991,"416,647","+51,506    ",+14.11          ,"209,177","207,470",,,,,,,,,,,
,,,2001,"462,289","+45,642    ",+10.95          ,"227,615","234,674",,,,,,,,,,,
,,,2011," 483,439 ","+21,150    ",+4.58          ," 239,306 "," 244,133 ",,,,,,,,,,,
,,,,,,,,,,,,,,,,,,,
05,063,Bageshwar,1901,"68,144",                   ----,                       ----,"34,486","33,658",,,,,,,,,,,
,,,1911,"78,968","+10,824    ",+15.88          ,"40,080","38,888",,,,,,,,,,,
,,,1921,"79,675",+707    ,+.90          ,"39,850","39,825",,,,,,,,,,,
,,,1931,"87,633","+7,958    ",+9.99          ,"43,870","43,763",,,,,,,,,,,
,,,1941,"103,254","+15,621    ",+17.83          ,"51,377","51,877",,,,,,,,,,,
,,,1951,"116,116","+12,862    ",+12.46          ,"57,702","58,414",,,,,,,,,,,
,,,1961,"132,691","+16,575    ",+14.27          ,"65,527","67,164",,,,,,,,,,,
,,,1971,"164,746","+32,055    ",+24.16          ,"80,084","84,662",,,,,,,,,,,
,,,1981,"196,992","+32,246    ",+19.57          ,"96,500","100,492",,,,,,,,,,,
,,,1991,"226,164","+29,172    ",+14.81          ,"109,979","116,185",,,,,,,,,,,
,,,2001,"247,163","+20,999    ",+9.28          ,"117,374","129,789",,,,,,,,,,,
,,,2011," 259,898 ","+12,735    ",+5.15          ," 124,326 "," 135,572 ",,,,,,,,,,,
,,,,,,,,,,,,,,,,,,,
05,064,Almora,1901,"216,960",                   ----,                       ----,"109,795","107,165",,,,,,,,,,,
,,,1911,"251,423","+34,463    ",+15.88          ,"127,607","123,816",,,,,,,,,,,
,,,1921,"253,675","+2,252    ",+.90          ,"126,878","126,797",,,,,,,,,,,
,,,1931,"279,009","+25,334    ",+9.99          ,"139,673","139,336",,,,,,,,,,,
,,,1941,"328,748","+49,739    ",+17.83          ,"163,577","165,171",,,,,,,,,,,
,,,1951,"369,697","+40,949    ",+12.46          ,"179,595","190,102",,,,,,,,,,,
,,,1961,"420,152","+50,455    ",+13.65          ,"198,816","221,336",,,,,,,,,,,
,,,1971,"483,876","+63,724    ",+15.17          ,"230,492","253,384",,,,,,,,,,,
,,,1981,"560,381","+76,505    ",+15.81          ,"267,480","292,901",,,,,,,,,,,
,,,1991,"610,453","+50,072    ",+8.94          ,"290,921","319,532",,,,,,,,,,,
,,,2001,"632,866","+22,413    ",+3.67          ,"294,984","337,882",,,,,,,,,,,
,,,2011," 622,506 ","-10,360 ",-1.64 ," 291,081 "," 331,425 ",,,,,,,,,,,
,,,,,,,,,,,,,,,,,,,
05,065,Champawat,1901,"39,902",                   ----,                       ----,"20,524","19,378",,,,,,,,,,,
,,,1911,"45,196","+5,294    ",+13.27          ,"23,314","21,882",,,,,,,,,,,
,,,1921,"44,606",-590 ,-1.31 ,"22,759","21,847",,,,,,,,,,,
,,,1931,"48,514","+3,908    ",+8.76          ,"24,759","23,755",,,,,,,,,,,
,,,1941,"56,462","+7,948    ",+16.38          ,"28,616","27,846",,,,,,,,,,,
,,,1951,"63,640","+7,178    ",+12.71          ,"32,553","31,087",,,,,,,,,,,
,,,1961,"83,080","+19,440    ",+30.55          ,"42,882","40,198",,,,,,,,,,,
,,,1971,"120,525","+37,445    ",+45.07          ,"61,636","58,889",,,,,,,,,,,
,,,1981,"151,072","+30,547    ",+25.34          ,"77,580","73,492",,,,,,,,,,,
,,,1991,"190,929","+39,857    ",+26.38          ,"98,173","92,756",,,,,,,,,,,
,,,2001,"224,542","+33,613    ",+17.60          ,"111,084","113,458",,,,,,,,,,,
,,,2011," 259,648 ","+35,106    ",+15.63          ," 131,125 "," 128,523 ",,,,,,,,,,,
,,,,,,,,,,,,,,,,,,,
05,066,Nainital,1901,"182,284",                   ----,                       ----,"101,486","80,798",,,,,,,,,,,
,,,1911,"182,016",-268 ,-0.15 ,"102,876","79,140",,,,,,,,,,,
,,,1921,"155,790","-26,226 ",-14.41 ,"90,460","65,330",,,,,,,,,,,
,,,1931,"156,034",+244    ,+.16          ,"91,332","64,702",,,,,,,,,,,
,,,1941,"164,244","+8,210    ",+5.26          ,"96,337","67,907",,,,,,,,,,,
,,,1951,"188,736","+24,492    ",+14.91          ,"109,307","79,429",,,,,,,,,,,
,,,1961,"259,685","+70,949    ",+37.59          ,"146,941","112,744",,,,,,,,,,,
,,,1971,"319,697","+60,012    ",+23.11          ,"174,048","145,649",,,,,,,,,,,
,,,1981,"441,436","+121,739    ",+38.08          ,"239,247","202,189",,,,,,,,,,,
,,,1991,"574,832","+133,396    ",+30.22          ,"305,494","269,338",,,,,,,,,,,
,,,2001,"762,909","+188,077    ",+32.72          ,"400,254","362,655",,,,,,,,,,,
,,,2011," 954,605 ","+191,696    ",+25.13          ," 493,666 "," 460,939 ",,,,,,,,,,,
,,,,,,,,,,,,,,,,,,,
05,067,Udham Singh Nagar,1901,"131,811",                   ----,                       ----,"73,390","58,421",,,,,,,,,,,
,,      ,1911,"131,608",-203 ,-0.15 ,"74,391","57,217",,,,,,,,,,,
,,,1921,"112,634","-18,974 ",-14.42 ,"65,409","47,225",,,,,,,,,,,
,,,1931,"112,804",+170    ,+.15          ,"66,037","46,767",,,,,,,,,,,
,,,1941,"118,733","+5,929    ",+5.26          ,"69,652","49,081",,,,,,,,,,,
,,,1951,"136,446","+17,713    ",+14.92          ,"80,132","56,314",,,,,,,,,,,
,,,1961,"301,681","+165,235    ",+121.10          ,"179,223","122,458",,,,,,,,,,,
,,,1971,"451,717","+150,036    ",+49.73          ,"254,668","197,049",,,,,,,,,,,
,,,1981,"668,751","+217,034    ",+48.05          ,"363,623","305,128",,,,,,,,,,,
,,,1991,"924,856","+256,105    ",+38.30          ,"496,587","428,269",,,,,,,,,,,
,,,2001,"1,235,614","+310,758    ",+33.60          ,"649,484","586,130",,,,,,,,,,,
,,,2011," 1,648,902 ","+413,288    ",+33.45          ," 858,783 "," 790,119 ",,,,,,,,,,,
,,,,,,,,,,,,,,,,,,,
05,068,Hardwar,1901,"329,839",                   ----,                       ----,"176,928","152,911",,,,,,,,,,,
,,,1911,"311,436","-18,403 ",-5.58 ,"170,796","140,640",,,,,,,,,,,
,,,1921,"296,103","-15,333 ",-4.92 ,"162,840","133,263",,,,,,,,,,,
,,,1931,"329,914","+33,811    ",+11.42          ,"181,243","148,671",,,,,,,,,,,
,,,1941,"373,042","+43,128    ",+13.07          ,"207,038","166,004",,,,,,,,,,,
,,,1951,"427,574","+54,532    ",+14.62          ,"236,724","190,850",,,,,,,,,,,
,,,1961,"504,582","+77,008    ",+18.01          ,"280,907","223,675",,,,,,,,,,,
,,,1971,"670,764","+166,182    ",+32.93          ,"372,005","298,759",,,,,,,,,,,
,,,1981,"890,260","+219,496    ",+32.72          ,"489,847","400,413",,,,,,,,,,,
,,,1991,"1,124,488","+234,228    ",+26.31          ,"609,054","515,434",,,,,,,,,,,
,,,2001,"1,447,187","+322,699    ",+28.70          ,"776,021","671,166",,,,,,,,,,,
,,,2011," 1,890,422 ","+443,235    ",+30.63          ," 1,005,295 "," 885,127 ",,,,,,,,,,,
,,,,,,,,,,,,,,,,,,,
,,,,,,,,,,,,,,,,,,,
,,,,,,,,,,,,,,,,,,,
,,,,,,,,,,,,,,,,,,,
,,,,,,,,,,,,,,,,,,,
,,,,,,,,,,,,,,,,,,,
,,,,,,,,,,,,,,,,,,,
,,,,,,,,,,,,,,,,,,,
,,,,,,,,,,,,,,,,,,,
,,,,,,,,,,,,,,,,,,,
,,,,,,,,,,,,,,,,,,,
,,,,,,,,,,,,,,,,,,,
,,,,,,,,,,,,,,,,,,,
,,,,,,,,,,,,,,,,,,,
,,,,,,,,,,,,,,,,,,,